[gd_scene load_steps=5 format=3 uid="uid://diby2dhurhmat"]

[sub_resource type="StandardMaterial3D" id="StandardMaterial3D_m5on0"]
albedo_color = Color(0.235294, 0.141176, 0.0627451, 1)

[sub_resource type="ProceduralSkyMaterial" id="ProceduralSkyMaterial_bl5hw"]
sky_horizon_color = Color(0.64625, 0.65575, 0.67075, 1)
ground_horizon_color = Color(0.64625, 0.65575, 0.67075, 1)

[sub_resource type="Sky" id="Sky_bocjm"]
sky_material = SubResource("ProceduralSkyMaterial_bl5hw")

[sub_resource type="Environment" id="Environment_i3wbn"]
background_mode = 1
background_color = Color(0.11, 0.0781183, 0.0583, 1)
sky = SubResource("Sky_bocjm")
ambient_light_source = 3
tonemap_mode = 2
glow_enabled = true

[node name="floor" type="CSGBox3D" groups=["Hazard"]]
transform = Transform3D(1, 0, 0, 0, 1, 0, 0, 0, 1, 0, -4, 0)
use_collision = true
size = Vector3(30, 8, 5)
material = SubResource("StandardMaterial3D_m5on0")

[node name="Wall" type="CSGBox3D" parent="."]
transform = Transform3D(-0.857167, 0.515038, 0, -0.515038, -0.857167, 0, 0, 0, 1, -14.3639, 4.6706, -0.00344276)
size = Vector3(4, 10, 4)
material = SubResource("StandardMaterial3D_m5on0")

[node name="Wall2" type="CSGBox3D" parent="."]
transform = Transform3D(0.907777, 0.419452, 0, -0.419452, 0.907777, 0, 0, 0, 1, -15.4003, 11.2671, -0.00344276)
size = Vector3(4, 10, 4)
material = SubResource("StandardMaterial3D_m5on0")

[node name="Wall3" type="CSGBox3D" parent="."]
transform = Transform3D(0.64812, -0.761538, 0, 0.761538, 0.64812, 0, 0, 0, 1, -13.5494, 15.3241, -0.00344276)
size = Vector3(4, 10, 4)
material = SubResource("StandardMaterial3D_m5on0")

[node name="Wall4" type="CSGBox3D" parent="."]
transform = Transform3D(-0.161604, -0.986856, 0, 0.986856, -0.161604, 0, 0, 0, 1, -8.87413, 16.67, -0.00344276)
size = Vector3(4, 10, 4)
material = SubResource("StandardMaterial3D_m5on0")

[node name="Wall5" type="CSGBox3D" parent="."]
transform = Transform3D(0.976296, 0.21644, 0, -0.21644, 0.976296, 0, 0, 0, 1, -3.13629, 18.9368, -0.00344276)
size = Vector3(4, 10, 4)
material = SubResource("StandardMaterial3D_m5on0")

[node name="Wall6" type="CSGBox3D" parent="."]
transform = Transform3D(-0.163326, 0.986572, 0, -0.986572, -0.163326, 0, 0, 0, 1, 2.81407, 20.814, -0.00344276)
size = Vector3(4, 10, 4)
material = SubResource("StandardMaterial3D_m5on0")

[node name="Wall7" type="CSGBox3D" parent="."]
transform = Transform3D(0.052336, 0.99863, 0, -0.99863, 0.052336, 0, 0, 0, 1, 10.7833, 19.3618, -0.00344276)
size = Vector3(4, 10, 4)
material = SubResource("StandardMaterial3D_m5on0")

[node name="Wall8" type="CSGBox3D" parent="."]
transform = Transform3D(0.908508, -0.417867, 0, 0.417867, 0.908508, 0, 0, 0, 1, 15.2106, 16.3158, -0.00344276)
size = Vector3(4, 10, 4)
material = SubResource("StandardMaterial3D_m5on0")

[node name="Wall9" type="CSGBox3D" parent="."]
transform = Transform3D(0.908508, -0.417867, 0, 0.417867, 0.908508, 0, 0, 0, 1, 15.2106, 9.82977, -0.00344276)
size = Vector3(4, 10, 4)
material = SubResource("StandardMaterial3D_m5on0")

[node name="Wall10" type="CSGBox3D" parent="."]
transform = Transform3D(0.976296, 0.21644, 0, -0.21644, 0.976296, 0, 0, 0, 1, 14.7562, 5.65721, -0.00344276)
size = Vector3(4, 10, 4)
material = SubResource("StandardMaterial3D_m5on0")

[node name="Wall11" type="CSGBox3D" parent="."]
transform = Transform3D(0.976296, 0.21644, 0, -0.21644, 0.976296, 0, 0, 0, 1, -16.7635, 8.70049, -8.31167)
size = Vector3(4, 10, 4)
material = SubResource("StandardMaterial3D_m5on0")

[node name="Wall12" type="CSGBox3D" parent="Wall11"]
transform = Transform3D(0.424776, -0.196274, -0.883766, 0.419452, 0.907777, 0, 0.802263, -0.370697, 0.46793, 0.0273008, 12.7299, 1.37536)
size = Vector3(4, 10, 4)
material = SubResource("StandardMaterial3D_m5on0")

[node name="Wall14" type="CSGBox3D" parent="Wall11"]
transform = Transform3D(-0.994151, -0.107999, 0, 0.107999, -0.994151, 0, 0, 0, 1, 10.2511, -2.75836, -3.119)
size = Vector3(4, 10, 4)
material = SubResource("StandardMaterial3D_m5on0")

[node name="Wall13" type="CSGBox3D" parent="Wall11"]
transform = Transform3D(1, 0, 0, 0, 1, 0, 0, 0, 1, 5.01725, -2.16306, 1.29621)
size = Vector3(4, 10, 4)
material = SubResource("StandardMaterial3D_m5on0")

[node name="Wall12" type="CSGBox3D" parent="."]
transform = Transform3D(0.976296, 0.21644, 0, -0.21644, 0.976296, 0, 0, 0, 1, -1.40757, 1.16582, -8.31167)
size = Vector3(4, 10, 4)
material = SubResource("StandardMaterial3D_m5on0")

[node name="Wall12" type="CSGBox3D" parent="Wall12"]
transform = Transform3D(1, 0, 0, 0, 1, 0, 0, 0, 1, 2.1591, 3.11396, 1.37536)
size = Vector3(4, 10, 4)
material = SubResource("StandardMaterial3D_m5on0")

[node name="Wall13" type="CSGBox3D" parent="Wall12"]
transform = Transform3D(1, 0, 0, 0, 1, 0, 0, 0, 1, 3.69935, 7.24999, 0)
size = Vector3(4, 10, 4)
material = SubResource("StandardMaterial3D_m5on0")

[node name="Wall13" type="CSGBox3D" parent="."]
transform = Transform3D(0.976296, 0.21644, 0, -0.21644, 0.976296, 0, 0, 0, 1, 8.66497, 1.16582, -8.31167)
size = Vector3(4, 10, 4)
material = SubResource("StandardMaterial3D_m5on0")

[node name="Wall12" type="CSGBox3D" parent="Wall13"]
transform = Transform3D(0.63446, 0.481581, 0.604599, -0.604599, 0.79653, 0, -0.481581, -0.36554, 0.79653, 0.284189, 19.5124, 1.37536)
size = Vector3(4, 10, 4)
material = SubResource("StandardMaterial3D_m5on0")

[node name="Wall13" type="CSGBox3D" parent="Wall13"]
transform = Transform3D(-0.361121, -0.0793977, 0.929133, -0.214735, 0.976672, -2.98023e-08, -0.907458, -0.199518, -0.369747, -9.75915, 20.3428, 0)
size = Vector3(4, 10, 4)
material = SubResource("StandardMaterial3D_m5on0")

[node name="DirectionalLight3D" type="DirectionalLight3D" parent="."]
transform = Transform3D(-0.363147, 0.914933, 0.176131, -0.843954, -0.403104, 0.353905, 0.394798, -0.0201266, 0.918547, 0, 17.05, 15.0166)
shadow_enabled = true

[node name="WorldEnvironment" type="WorldEnvironment" parent="."]
environment = SubResource("Environment_i3wbn")
